NAME: Random configuration
TYPE: TSP
DIMENSION: 13
EDGE_WEIGHT_TYPE: EXPLICIT
EDGE_WEIGHT_FORMAT: FULL_MATRIX
DISPLAY_DATA_TYPE: TWOD_DISPLAY
EDGE_WEIGHT_SECTION
0.000000 11.401754 11.661904 14.035669 18.027756 6.000000 15.231546 13.601471 11.180340 19.723083 24.839485 5.000000 20.000000 
11.401754 0.000000 3.162278 14.866069 18.027756 5.830952 4.242641 12.206556 9.219544 14.035669 16.763055 8.062258 13.038405 
11.661904 3.162278 0.000000 12.041595 15.000000 7.211103 4.000000 9.219544 6.403124 11.000000 14.317821 7.280110 10.198039 
14.035669 14.866069 12.041595 0.000000 4.000000 14.866069 15.264338 3.162278 5.656854 9.486833 15.811388 10.198039 11.180340 
18.027756 18.027756 15.000000 4.000000 0.000000 18.681542 17.691806 5.830952 8.944272 9.055385 15.033296 14.142136 11.180340 
6.000000 5.830952 7.211103 14.866069 18.681542 0.000000 10.000000 13.152946 10.049876 17.464249 21.470911 5.000000 17.088007 
15.231546 4.242641 4.000000 15.264338 17.691806 10.000000 0.000000 12.206556 9.848858 11.704700 13.152946 11.180340 10.198039 
13.601471 12.206556 9.219544 3.162278 5.830952 13.152946 12.206556 0.000000 3.162278 7.211103 13.416408 9.055385 8.544004 
11.180340 9.219544 6.403124 5.656854 8.944272 10.049876 9.848858 3.162278 0.000000 8.602325 14.212670 6.324555 9.219544 
19.723083 14.035669 11.000000 9.486833 9.055385 17.464249 11.704700 7.211103 8.602325 0.000000 6.324555 14.764823 2.236068 
24.839485 16.763055 14.317821 15.811388 15.033296 21.470911 13.152946 13.416408 14.212670 6.324555 0.000000 19.849433 5.000000 
5.000000 8.062258 7.280110 10.198039 14.142136 5.000000 11.180340 9.055385 6.324555 14.764823 19.849433 0.000000 15.000000 
20.000000 13.038405 10.198039 11.180340 11.180340 17.088007 10.198039 8.544004 9.219544 2.236068 5.000000 15.000000 0.000000 
NODE_COORD_SECTION
0 19 2
1 16 13
2 13 12
3 5 3
4 1 3
5 19 8
6 13 16
7 6 6
8 9 7
9 2 12
10 0 18
11 15 5
12 3 14
EOF
